Locate the EXAM score for the 1th statement.

Ochiai_EXAM: 0.011111111111111112
Op2_EXAM: 0.011111111111111112
Tarantula_EXAM: 0.022222222222222223
Dstar3_EXAM: 0.011111111111111112
GP13_EXAM: 0.011111111111111112
Naish1_EXAM: 0.011111111111111112


Locate the average EXAM score for all of the statements.
Ochiai_EXAM: 0.011111111111111112
Op2_EXAM: 0.011111111111111112
Tarantula_EXAM: 0.022222222222222223
Dstar3_EXAM: 0.011111111111111112
GP13_EXAM: 0.011111111111111112
Naish1_EXAM: 0.011111111111111112
