Locate the EXAM score for the 1th statement.

Ochiai_EXAM: 0.03260869565217391
Op2_EXAM: 0.03260869565217391
Tarantula_EXAM: 0.03260869565217391
Dstar3_EXAM: 0.03260869565217391
GP13_EXAM: 0.03260869565217391
Naish1_EXAM: 0.5108695652173914


Locate the average EXAM score for all of the statements.
Ochiai_EXAM: 0.03260869565217391
Op2_EXAM: 0.03260869565217391
Tarantula_EXAM: 0.03260869565217391
Dstar3_EXAM: 0.03260869565217391
GP13_EXAM: 0.03260869565217391
Naish1_EXAM: 0.5108695652173914
