Locate the EXAM score for the 1th statement.

Ochiai_EXAM: 0.03260869565217391
Op2_EXAM: 0.043478260869565216
Tarantula_EXAM: 0.010869565217391304
Dstar3_EXAM: 0.03260869565217391
GP13_EXAM: 0.043478260869565216
Naish1_EXAM: 0.4891304347826087


Locate the average EXAM score for all of the statements.
Ochiai_EXAM: 0.03260869565217391
Op2_EXAM: 0.043478260869565216
Tarantula_EXAM: 0.010869565217391304
Dstar3_EXAM: 0.03260869565217391
GP13_EXAM: 0.043478260869565216
Naish1_EXAM: 0.4891304347826087
