Locate the EXAM score for the 1th statement.

Ochiai_EXAM: 0.05434782608695652
Op2_EXAM: 0.05434782608695652
Tarantula_EXAM: 0.05434782608695652
Dstar3_EXAM: 0.05434782608695652
GP13_EXAM: 0.05434782608695652
Naish1_EXAM: 0.5217391304347826


Locate the average EXAM score for all of the statements.
Ochiai_EXAM: 0.05434782608695652
Op2_EXAM: 0.05434782608695652
Tarantula_EXAM: 0.05434782608695652
Dstar3_EXAM: 0.05434782608695652
GP13_EXAM: 0.05434782608695652
Naish1_EXAM: 0.5217391304347826
