Locate the EXAM score for the 1th statement.

Ochiai_EXAM: 0.8804347826086957
Op2_EXAM: 0.8478260869565217
Tarantula_EXAM: 0.8804347826086957
Dstar3_EXAM: 0.8804347826086957
GP13_EXAM: 0.8804347826086957
Naish1_EXAM: 0.45652173913043476


Locate the average EXAM score for all of the statements.
Ochiai_EXAM: 0.8804347826086957
Op2_EXAM: 0.8478260869565217
Tarantula_EXAM: 0.8804347826086957
Dstar3_EXAM: 0.8804347826086957
GP13_EXAM: 0.8804347826086957
Naish1_EXAM: 0.45652173913043476
