Locate the EXAM score for the 1th statement.

Ochiai_EXAM: 0.09183673469387756
Op2_EXAM: 0.09183673469387756
Tarantula_EXAM: 0.4897959183673469
Dstar3_EXAM: 0.09183673469387756
GP13_EXAM: 0.09183673469387756
Naish1_EXAM: 0.47959183673469385


Locate the average EXAM score for all of the statements.
Ochiai_EXAM: 0.09183673469387756
Op2_EXAM: 0.09183673469387756
Tarantula_EXAM: 0.4897959183673469
Dstar3_EXAM: 0.09183673469387756
GP13_EXAM: 0.09183673469387756
Naish1_EXAM: 0.47959183673469385
