Locate the EXAM score for the 1th statement.

Ochiai_EXAM: 0.01020408163265306
Op2_EXAM: 0.01020408163265306
Tarantula_EXAM: 0.01020408163265306
Dstar3_EXAM: 0.01020408163265306
GP13_EXAM: 0.01020408163265306
Naish1_EXAM: 0.01020408163265306


Locate the average EXAM score for all of the statements.
Ochiai_EXAM: 0.01020408163265306
Op2_EXAM: 0.01020408163265306
Tarantula_EXAM: 0.01020408163265306
Dstar3_EXAM: 0.01020408163265306
GP13_EXAM: 0.01020408163265306
Naish1_EXAM: 0.01020408163265306
