Locate the EXAM score for the 1th statement.

Ochiai_EXAM: 0.05555555555555555
Op2_EXAM: 0.05555555555555555
Tarantula_EXAM: 0.18888888888888888
Dstar3_EXAM: 0.05555555555555555
GP13_EXAM: 0.05555555555555555
Naish1_EXAM: 0.4666666666666667


Locate the average EXAM score for all of the statements.
Ochiai_EXAM: 0.05555555555555555
Op2_EXAM: 0.05555555555555555
Tarantula_EXAM: 0.18888888888888888
Dstar3_EXAM: 0.05555555555555555
GP13_EXAM: 0.05555555555555555
Naish1_EXAM: 0.4666666666666667
