Locate the EXAM score for the 1th statement.

Ochiai_EXAM: 0.04081632653061224
Op2_EXAM: 0.04081632653061224
Tarantula_EXAM: 0.05102040816326531
Dstar3_EXAM: 0.04081632653061224
GP13_EXAM: 0.04081632653061224
Naish1_EXAM: 0.5


Locate the average EXAM score for all of the statements.
Ochiai_EXAM: 0.04081632653061224
Op2_EXAM: 0.04081632653061224
Tarantula_EXAM: 0.05102040816326531
Dstar3_EXAM: 0.04081632653061224
GP13_EXAM: 0.04081632653061224
Naish1_EXAM: 0.5
