Locate the EXAM score for the 1th statement.

Ochiai_EXAM: 0.010869565217391304
Op2_EXAM: 0.010869565217391304
Tarantula_EXAM: 0.010869565217391304
Dstar3_EXAM: 0.010869565217391304
GP13_EXAM: 0.010869565217391304
Naish1_EXAM: 0.010869565217391304


Locate the average EXAM score for all of the statements.
Ochiai_EXAM: 0.010869565217391304
Op2_EXAM: 0.010869565217391304
Tarantula_EXAM: 0.010869565217391304
Dstar3_EXAM: 0.010869565217391304
GP13_EXAM: 0.010869565217391304
Naish1_EXAM: 0.010869565217391304
