Locate the EXAM score for the 1th statement.

Ochiai_EXAM: 0.08163265306122448
Op2_EXAM: 0.061224489795918366
Tarantula_EXAM: 0.1326530612244898
Dstar3_EXAM: 0.08163265306122448
GP13_EXAM: 0.061224489795918366
Naish1_EXAM: 0.4897959183673469


Locate the average EXAM score for all of the statements.
Ochiai_EXAM: 0.08163265306122448
Op2_EXAM: 0.061224489795918366
Tarantula_EXAM: 0.1326530612244898
Dstar3_EXAM: 0.08163265306122448
GP13_EXAM: 0.061224489795918366
Naish1_EXAM: 0.4897959183673469
