Locate the EXAM score for the 1th statement.

Ochiai_EXAM: 0.011363636363636364
Op2_EXAM: 0.011363636363636364
Tarantula_EXAM: 0.011363636363636364
Dstar3_EXAM: 0.011363636363636364
GP13_EXAM: 0.011363636363636364
Naish1_EXAM: 0.011363636363636364


Locate the average EXAM score for all of the statements.
Ochiai_EXAM: 0.011363636363636364
Op2_EXAM: 0.011363636363636364
Tarantula_EXAM: 0.011363636363636364
Dstar3_EXAM: 0.011363636363636364
GP13_EXAM: 0.011363636363636364
Naish1_EXAM: 0.011363636363636364
