Locate the EXAM score for the 1th statement.

Ochiai_EXAM: 0.07142857142857142
Op2_EXAM: 0.05102040816326531
Tarantula_EXAM: 0.336734693877551
Dstar3_EXAM: 0.07142857142857142
GP13_EXAM: 0.05102040816326531
Naish1_EXAM: 0.5


Locate the average EXAM score for all of the statements.
Ochiai_EXAM: 0.07142857142857142
Op2_EXAM: 0.05102040816326531
Tarantula_EXAM: 0.336734693877551
Dstar3_EXAM: 0.07142857142857142
GP13_EXAM: 0.05102040816326531
Naish1_EXAM: 0.5
