Locate the EXAM score for the 1th statement.

Ochiai_EXAM: 0.02040816326530612
Op2_EXAM: 0.02040816326530612
Tarantula_EXAM: 0.02040816326530612
Dstar3_EXAM: 0.02040816326530612
GP13_EXAM: 0.02040816326530612
Naish1_EXAM: 0.02040816326530612


Locate the average EXAM score for all of the statements.
Ochiai_EXAM: 0.02040816326530612
Op2_EXAM: 0.02040816326530612
Tarantula_EXAM: 0.02040816326530612
Dstar3_EXAM: 0.02040816326530612
GP13_EXAM: 0.02040816326530612
Naish1_EXAM: 0.02040816326530612
