Locate the EXAM score for the 1th statement.

Ochiai_EXAM: 0.0425531914893617
Op2_EXAM: 0.44680851063829785
Tarantula_EXAM: 0.09574468085106383
Dstar3_EXAM: 0.02127659574468085
GP13_EXAM: 0.44680851063829785
Naish1_EXAM: 0.48936170212765956


Locate the average EXAM score for all of the statements.
Ochiai_EXAM: 0.0425531914893617
Op2_EXAM: 0.44680851063829785
Tarantula_EXAM: 0.09574468085106383
Dstar3_EXAM: 0.02127659574468085
GP13_EXAM: 0.44680851063829785
Naish1_EXAM: 0.48936170212765956
